function x = MTprofile_Normal_8_15hr24_Dec_2011
%created: 8_15hr24_Dec_2011

x.BFs = [250   500  1000  2000  4000  8000];

