function x = MTprofile16_53hr06_Dec_2011
%created: 16_53hr06_Dec_2011

x.BFs = [250   500  1000  2000  4000  8000];

x.LongTone = [16.4      13.1        11      15.4      21.5      26.8];
x.ShortTone = [18.5        16      15.1      17.5      25.5      31.1];

x.Gaps = [0.01      0.03      0.05      0.07      0.09];
x.TMCFreq = [250   500  1000  2000  4000  8000];
x.TMC = [
30.5	27.7	30.7	33.3	40.7	42.4	 
39	43.4	55.7	58.2	52.9	45.6	 
85.7	79.2	70.3	66.1	65.3	54.2	 
95.4	85.7	85.8	70.2	63.2	67.4	 
98.7	90.3	89.8	84.2	78.9	70.9	 
];
x.TMC = x.TMC';

x.MaskerRatio = [0.5      0.7      0.9        1      1.1      1.3      1.6];
x.IFMCFreq = [250   500  1000  2000  4000  8000];
x.IFMCs = [
35.1	56.3	70.9	70.7	72.7	80.9	 
32.4	38	53.2	69.3	79	87.2	 
30.7	29.2	32.6	38.3	47.1	45.4	 
30.5	28.3	32.8	36.5	44.8	42.3	 
29.4	26.7	32.6	48	47.1	42.3	 
30	29.7	52.7	62.9	60.9	59.2	 
31.9	52.7	86.1	91.2	97.1	102	 
];
x.IFMCs = x.IFMCs';
