function x = averageNormal
%created: 10_12hr30_Dec_2011

x.BFs = [250   500  1000  2000  4000  6000];

x.LongTone = [14.4      8.87      4.89      5.89      4.28      13.4];
x.ShortTone = [24.9      19.5      15.5      14.7      12.8      19.3];

x.Gaps = [0.01      0.02      0.03      0.04      0.05      0.06      0.07      0.08      0.09];
x.TMCFreq = [250   500  1000  2000  4000  6000];
x.TMC = [
42.7	32.1	28.9	30.4	23.3	32.3	 
44.8	37.7	31.5	31.6	29.9	32.4	 
59.5	47.2	45.2	42.6	35.7	39.2	 
57.9	49.2	44.2	43.5	43.1	45	 
66.8	53.9	50.4	49.3	49.7	52.4	 
68.4	60.4	55.1	55.5	58.5	57.1	 
88.3	66.8	70.9	64.9	74.5	78.4	 
71.6	68.9	61.4	63	63.5	68.9	 
99	84.4	79.3	68.8	77	83.2	 
];
x.TMC = x.TMC';

x.MaskerRatio = [0.5      0.7      0.9        1      1.1      1.3      1.6];
x.IFMCFreq = [250   500  1000  2000  4000  6000];
x.IFMCs = [
50.7	49.6	53.3	58.9	60	58	 
43.2	41.7	43	51.7	46.4	48.3	 
36.6	33.3	30.4	32.1	29.2	35.7	 
35.5	29.8	24.7	24.2	21.3	26	 
35.1	29.2	31.5	37.5	35.6	43.4	 
36.2	39.1	44.3	50.4	46.5	51.2	 
43.8	55.4	63.2	55.4	55.3	53.1	 
];
x.IFMCs = x.IFMCs';
